#NAME=latitude,longitude,absolute-altitude,heading
UCT1=-34.60000000,18.76666667,3,90
UCT2=-34.60050000,18.76666667,3,90
UCT3=-34.60100000,18.76666667,3,90
UCT4=-34.60150000,18.76666667,3,90
UCT5=-34.60200000,18.76666667,3,90
UCT6=-34.60250000,18.76666667,3,90
